9719,1987,0
2083,1019,0
9575,847,0
895,867,0
887,995,0
987,1283,0
0,11315,0
11447,9379,0
9523,11083,0




4883,9203,0
2503,2631,0
9619,2563,0
9395,2555,0
9571,2559,0
9739,2811,0
9379,9271,0



11111,9183,0
11055,9255,0
9591,5047,0
5079,1299,0
9595,1083,0
1083,1027,0
975,1079,0
999,1303,0
0,11307,0
0,9131,0
9427,9299,0
9379,9223,0



9619,4927,0
9743,11391,0
11459,875,0
931,911,0
859,0,0
0,11335,0
0,9151,0
11055,9131,0



11079,9255,0
5199,9259,0
4963,4863,0
9407,4727,0
9743,4523,0
4759,4623,0
4879,2579,0
2515,2523,0
2463,9299,0
9327,2683,0
9403,9175,0
9399,9203,0
9427,9255,0
11079,9279,0
11083,9279,0
11087,9259,0


11111,9159,0
9615,4903,0
4867,1227,0
9715,935,0
975,879,0
871,987,0
959,1339,0
2415,11327,0
11439,9279,0
9571,7399,0
9431,9247,0




5167,5323,0
9743,5139,0
9723,4751,0
4679,4583,0
9191,1003,0
995,859,0
0,971,0
2531,0,0
9159,9271,0
9403,9127,0
11099,9227,0



9595,4527,0
4655,1039,0
1495,871,0
991,983,0
1007,1155,0
1091,9155,0
9427,9319,0
9375,9327,0
9387,9159,0



9379,9131,0
5155,9131,0
5011,4411,0
1191,4775,0
1071,871,0
723,727,0
867,747,0
9591,11407,0
9375,9203,0
9403,9135,0
9427,9159,0


11059,9183,0
11107,9135,0
9719,4843,0
9695,1883,0
4927,9303,0
9595,1019,0
1131,1119,0
1139,0,0
0,11363,0
0,9327,0
9191,9303,0
9379,9131,0
9351,9227,0
9379,9279,0
9407,9163,0
9407,9155,0



9431,9151,0
9431,9327,0
4959,4847,0
3107,4715,0
1023,1171,0
763,807,0
703,699,0
839,795,0
9691,11435,0
9143,9323,0
9399,9327,0
9375,9183,0
11055,9251,0
11127,9207,0
11127,9251,0




marnik:
9663,6615,0
10003,11103,0
10951,747,0
423,503,0
0,571,0
0,0,0
9471,4867,0
9159,9131,0

9647,359,0
527,247,0
271,267,0
247,367,0
315,0,0
0,9151,0
9135,9255,0
9139,9179,0

9639,339,0
411,243,0
235,419,0
403,11351,0
9995,9223,0
9151,9123,0






















